%YAML:1.0
---
image_width: "1920"
image_height: "1024"
camera_name: camera/left
camera_matrix: !!opencv-matrix
   rows: 3
   cols: 3
   dt: d
   data: [ 1.3953699999999999e+03, 0., 9.3960000000000002e+02, 0.,
       1.3948499999999999e+03, 4.6386000000000001e+02, 0., 0., 1. ]
distortion_model: plumb_bob
distortion_coefficients: !!opencv-matrix
   rows: 1
   cols: 5
   dt: d
   data: [ -1.7256199999999999e-01, 2.6790300000000000e-02,
       1.3457500000000000e-04, -1.3251699999999999e-04,
       -7.2108899999999995e-11 ]
rectification_matrix: !!opencv-matrix
   rows: 3
   cols: 3
   dt: d
   data: [ 9.9999627032011951e-01, -2.3627198645405651e-03,
       -1.3700002525904669e-03, 2.3691073046565336e-03,
       9.9998624406379488e-01, 4.6796382086421789e-03,
       1.3589247327999701e-03, -4.6828664326954966e-03,
       9.9998811197210946e-01 ]
projection_matrix: !!opencv-matrix
   rows: 3
   cols: 4
   dt: d
   data: [ 1.5066822538456638e+03, 0., 9.5638061523437500e+02, 0., 0.,
       1.5066822538456638e+03, 5.0319455337524414e+02, 0., 0., 0., 1.,
       0. ]
