%YAML:1.0
---
image_width: "1280"
image_height: "720"
camera_name: camera/right
camera_matrix: !!opencv-matrix
   rows: 3
   cols: 3
   dt: d
   data: [ 6.9743499999999995e+02, 0., 6.4645500000000004e+02, 0.,
       6.9731500000000005e+02, 3.7428449999999998e+02, 0., 0., 1. ]
distortion_model: plumb_bob
distortion_coefficients: !!opencv-matrix
   rows: 1
   cols: 5
   dt: d
   data: [ -1.7243000000000000e-01, 2.6359500000000001e-02,
       5.5594899999999999e-05, 1.9221300000000000e-04,
       1.7421200000000001e-11 ]
rectification_matrix: !!opencv-matrix
   rows: 3
   cols: 3
   dt: d
   data: [ 9.9997974412426338e-01, -4.3612347072841725e-03,
       4.6358357391888018e-03, 4.3828787624158889e-03,
       9.9997949521104446e-01, -4.6689968107471117e-03,
       -4.6153780914161072e-03, 4.6892205421352395e-03,
       9.9997835451362682e-01 ]
projection_matrix: !!opencv-matrix
   rows: 3
   cols: 4
   dt: d
   data: [ 7.1503230495432081e+02, 0., 6.3259657287597656e+02,
       -5.9928647697925087e+04, 0., 7.1503230495432081e+02,
       3.5359720993041992e+02, 0., 0., 0., 1., 0. ]
