%YAML:1.0
---
image_width: "1280"
image_height: "720"
camera_name: camera/left
camera_matrix: !!opencv-matrix
   rows: 3
   cols: 3
   dt: d
   data: [ 6.9768499999999995e+02, 0., 6.2829999999999995e+02, 0.,
       6.9742499999999995e+02, 3.3443000000000001e+02, 0., 0., 1. ]
distortion_model: plumb_bob
distortion_coefficients: !!opencv-matrix
   rows: 1
   cols: 5
   dt: d
   data: [ -1.7256199999999999e-01, 2.6790300000000000e-02,
       1.3457500000000000e-04, -1.3251699999999999e-04,
       -7.2108899999999995e-11 ]
rectification_matrix: !!opencv-matrix
   rows: 3
   cols: 3
   dt: d
   data: [ 9.9998915067312100e-01, -4.5649174228271187e-03,
       9.2739687993882432e-04, 4.5605280249607612e-03,
       9.9997864346743270e-01, 4.6812597841554195e-03,
       -9.4874663830662532e-04, -4.6769795761765921e-03,
       9.9998861280609619e-01 ]
projection_matrix: !!opencv-matrix
   rows: 3
   cols: 4
   dt: d
   data: [ 7.1503230495432081e+02, 0., 6.3259657287597656e+02, 0., 0.,
       7.1503230495432081e+02, 3.5359720993041992e+02, 0., 0., 0., 1.,
       0. ]
