[LEFT_CAM_2K]
fx=1395.37
fy=1394.85
cx=1083.6
cy=572.86
k1=-0.172562
k2=0.0267903
k3=-7.21089e-11
p1=0.000134575
p2=-0.000132517

[RIGHT_CAM_2K]
fx=1394.87
fy=1394.63
cx=1119.91
cy=652.569
k1=-0.17243
k2=0.0263595
k3=1.74212e-11
p1=5.55949e-05
p2=0.000192213

[LEFT_CAM_FHD]
fx=1395.37
fy=1394.85
cx=939.6
cy=491.86
k1=-0.172562
k2=0.0267903
k3=-7.21089e-11
p1=0.000134575
p2=-0.000132517

[RIGHT_CAM_FHD]
fx=1394.87
fy=1394.63
cx=975.91
cy=571.569
k1=-0.17243
k2=0.0263595
k3=1.74212e-11
p1=5.55949e-05
p2=0.000192213

[LEFT_CAM_HD]
fx=697.685
fy=697.425
cx=628.3
cy=334.43
k1=-0.172562
k2=0.0267903
k3=-7.21089e-11
p1=0.000134575
p2=-0.000132517

[RIGHT_CAM_HD]
fx=697.435
fy=697.315
cx=646.455
cy=374.2845
k1=-0.17243
k2=0.0263595
k3=1.74212e-11
p1=5.55949e-05
p2=0.000192213

[LEFT_CAM_VGA]
fx=348.8425
fy=348.7125
cx=329.65
cy=174.715
k1=-0.172562
k2=0.0267903
k3=-7.21089e-11
p1=0.000134575
p2=-0.000132517

[RIGHT_CAM_VGA]
fx=348.7175
fy=348.6575
cx=338.7275
cy=194.64225
k1=-0.17243
k2=0.0263595
k3=1.74212e-11
p1=5.55949e-05
p2=0.000192213

[STEREO]
Baseline=120.127
TY=0.365526
TZ=-0.388541
CV_2K=-0.00366666
CV_FHD=-0.00366666
CV_HD=-0.00366666
CV_VGA=-0.00366666
RX_2K=-0.00936677
RX_FHD=-0.00936677
RX_HD=-0.00936677
RX_VGA=-0.00936677
RZ_2K=0.000177629
RZ_FHD=0.000177629
RZ_HD=0.000177629
RZ_VGA=0.000177629

