%YAML:1.0
---
image_width: "1920"
image_height: "1024"
camera_name: camera/right
camera_matrix: !!opencv-matrix
   rows: 3
   cols: 3
   dt: d
   data: [ 1.3948699999999999e+03, 0., 9.7590999999999997e+02, 0.,
       1.3946300000000001e+03, 5.4356899999999996e+02, 0., 0., 1. ]
distortion_model: plumb_bob
distortion_coefficients: !!opencv-matrix
   rows: 1
   cols: 5
   dt: d
   data: [ -1.7243000000000000e-01, 2.6359500000000001e-02,
       5.5594899999999999e-05, 1.9221300000000000e-04,
       1.7421200000000001e-11 ]
rectification_matrix: !!opencv-matrix
   rows: 3
   cols: 3
   dt: d
   data: [ 9.9999493591566657e-01, -2.1806504818435660e-03,
       2.3179530836421494e-03, 2.1914775351929740e-03,
       9.9998665340082682e-01, -4.6787227346541576e-03,
       -2.3077194878657020e-03, 4.6837787833180896e-03,
       9.9998636823062459e-01 ]
projection_matrix: !!opencv-matrix
   rows: 3
   cols: 4
   dt: d
   data: [ 1.5066822538456638e+03, 0., 9.5638061523437500e+02,
       -2.5255378710001311e+05, 0., 1.5066822538456638e+03,
       5.0319455337524414e+02, 0., 0., 0., 1., 0. ]
